D 3
F 3
M 3
S 3
sd 403.208 617.388 515.354 
sf 414.565 682.73 102.936 
sm 38.1841 584.422 754.122 
ss 535.327 65.9268 870.377 
cd 10.8719 25.1857 23.7857 32.769 31.6689 38.7919 27.782 29.4047 8.00091 
cf 17.9346 38.5185 5.52877 29.8673 28.7078 28.6288 33.9295 36.9365 39.2601 
cm 8.37253 16.6562 1.77832 35.1044 14.671 26.1786 8.85902 35.4229 16.8666 
ud 2.63418 1.62013 2.99716 
uf 1.30661 1.21699 2.22139 
um 2.23743 1.6561 2.23044 
ps 473.201 397.589 198.628 
xdminmax 0 134.403 0 134.403 0 134.403 0 205.796 0 205.796 0 205.796 0 171.785 0 171.785 0 171.785 
xfminmax 0 138.188 0 138.188 0 138.188 0 227.577 0 227.577 0 227.577 0 34.3119 0 34.3119 0 34.3119 
xmminmax 0 12.728 0 12.728 0 12.728 0 194.807 0 194.807 0 194.807 0 251.374 0 251.374 0 251.374 
